image_width: 640
image_height: 480
camera_name: usb_cam
camera_matrix:
  rows: 3
  cols: 3
  data: [ 690.32027,    0.     ,  330.78768,
            0.     ,  690.62989,  243.02634,
            0.     ,    0.     ,    1.     ]
camera_model: plumb_bob
distortion_coefficients:
  rows: 1
  cols: 5
  data: [-0.170211, 0.498811, 0.003532, -0.005445, 0.000000]
rectification_matrix:
  rows: 3
  cols: 3
  data: [ 1.,  0.,  0.,
          0.,  1.,  0.,
          0.,  0.,  1.]
projection_matrix:
  rows: 3
  cols: 4
  data: [ 691.12543,    0.     ,  327.50044,    0.     ,
            0.     ,  694.53308,  244.24413,    0.     ,
            0.     ,    0.     ,    1.     ,    0.     ]
